525150328405 32.56159845398632
468707452214 32.53613612209549
350227203287 32.5237669462699
846861982193 32.52287587765912
847814228946 32.49523480724592
913393875669 32.4697392736093
265818212617 32.32601591744311
618895515216 32.3078157721024
665781948327 32.298310783260284
700594659741 32.26237833501089
489800290341 32.24190653511583
128736572387 32.073158347815436
883708731463 32.05336766982325
825967045680 32.019292836556914
186036524199 32.00865311070411
271643693613 32.00168262103298
276012146153 31.943255905181655
335761918424 31.935030861332535
805869863055 31.89768036737273
771054781441 31.885327746045135
460058305334 31.875560732085752
454177191539 31.852392127283082
799763019620 31.705405906362284
350490932318 31.64591945874995
327626444372 31.52418022541248
920357920852 31.50237733530803
428991923998 31.403547059215665
577031261188 31.37465926621241
716813870116 31.373527739808615
567794823718 31.350899165011327
542241948709 31.31062940315388
470875116684 31.27661224584166
464438508509 31.18758189782589
544866533111 31.16251694904748
246891658819 31.116735011493034
258059584045 30.986330628166915
741694180724 30.957924435754624
312385092746 30.92083600720663
771726600574 30.888295457341954
277662768752 30.87740186148169
621670292147 30.861655957027168
847913174397 30.802331533257508
371768376551 30.77856015660152
308776211386 30.767496113978332
227052387691 30.71257093883384
205473574150 30.71018161555694
465195525823 30.6242099286953
889771768913 30.560548157137156
683283739172 30.5327033160383
736299377510 30.528270508648482
197917832748 30.504035466367817
338659264584 30.48981379680693
479636224163 30.477862507886645
851114982065 30.328450682794774
236397241482 30.2903931295323
378445214182 30.275572645864557
267367384759 30.26295559056791
230813009896 30.191438918710567
921500312572 30.181388644773264
559745716918 30.177413346209825
535192212213 30.139191147775524
288430442867 30.11936559295392
509370211313 30.117867783973185
795434416962 30.064594345902805
836922078792 30.0278790440186
399171426241 29.97415150499261
644060850106 29.872907383718726
671177749559 29.850874718633456
249848302265 29.817719748421844
907051264094 29.78857652205169
399384722789 29.781027784015592
334677988531 29.649787063741883
839502599920 29.63205395620694
198797442239 29.596926026769555
528625147582 29.441832695957793
427496619783 29.409327951186228
261783484639 29.40303653126197
417254605547 29.269688194157983
132536823558 29.25155680352054
643260768506 29.163001814930702
891277623442 29.0131511919115
689244763022 28.992313614262244
381817934736 28.96797243004268
875840393294 28.934626506985197
401054417716 28.885245928724768
852621936611 28.87547868087148
290042352473 28.872551039130556
511627552048 28.732598097369944
234880723673 28.6904350420375
733657348964 28.520872755514294
145156099927 28.50164878336625
907325808794 28.49017872187609
282746511558 28.477452754573473
171518214789 28.401726659423087
263420111471 28.380977119587094
229963822396 28.364062826966908
565280463165 28.35509820215787
774622323129 28.169715645680604
430563754204 28.09924986599599
898137236595 28.079312148769798
832969178714 28.061126066281528
719144147861 27.99530377182313
826117207511 27.939263811118774
648209933640 27.906288823688175
441095894243 27.863899711276453
788091664642 27.843488923049552
257784395389 27.792888774404666
144343678147 27.76947166135024
765030073379 27.768316343090184
130154193198 27.670758236358893
905435102228 27.564985609849657
711042240827 27.541786657755416
536209897109 27.506232222646698
660196371694 27.491527670059355
746475486887 27.40639237760345
546827627422 27.332394453115416
495076394168 27.33197407219823
722851449042 27.278261067042344
808632970503 27.245256193858978
191506692759 27.157619264276068
540578183421 27.14216662145241
658758686286 27.13758684848544
769159802333 27.105316950135403
380594700220 27.103714665328127
393145902406 27.024985150014615
424277832288 27.016657248401188
652331126454 26.98577999356322
879791153197 26.868229788573505
202790841565 26.840440114072383
617928216937 26.834322751848603
573221532915 26.829202510880947
520299378807 26.80303814968621
778923782946 26.800341229454073
752607837421 26.799549174021053
159873337034 26.71353070178406
464625697071 26.689670649125418
545918804060 26.666067420895388
119795374313 26.648543514087073
168694600380 26.62855426686317
503797497827 26.610473258629753
622227626465 26.572534338343278
114894408841 26.562249994800723
222715304166 26.560908221029077
901210265575 26.508118785453338
609802953336 26.37753076288274
650808594259 26.362130197714272
284402613756 26.287201284119543
685838598101 26.25258766708294
299996152805 26.189671035897312
575568099976 26.144356876006135
897614287088 26.074133106096518
771751184706 26.063545177045455
315913504650 26.043451124546756
138631850170 26.028224408583544
181229454578 25.90491887772317
267751689658 25.900702509230932
579149982328 25.896970366805718
128335999576 25.814197799075234
797278774110 25.7715022959204
433863860465 25.658976084016018
393678574756 25.599984470780935
406846114310 25.584438949612597
434966221881 25.566056449852105
336567512609 25.557011146797535
205319704150 25.516804434116636
804702349642 25.48397470910546
290713447845 25.47911899479538
629466940477 25.413311039687024
414456228352 25.35484603721361
290964795775 25.319661483341637
436004791090 25.30657188590746
561006490338 25.301129412231727
530218060082 25.28538846437933
861481791091 25.27369350071762
337976163528 25.192782489493524
165437278073 25.149891556407567
763002460729 25.143302367327536
527567566516 25.106633828196223
609077140506 25.08106745413152
611435848803 25.03566756939657
324136066766 24.9660463954855
337343091689 24.903468558140183
314310295376 24.831366604241456
849013727426 24.8308669092282
169988210242 24.781889056027296
502732349607 24.713037283215055
495219472112 24.69389631744223
486707145284 24.597299368121494
136645484812 24.577701967400166
449050738361 24.54792148319507
460157164513 24.498719590338002
499060583990 24.476588291480805
449408152897 24.468358679316072
177058836832 24.468168535163425
670472501194 24.445535052784017
129232418264 24.346832391254903
650067479991 24.338355556694058
348421670163 24.324513879363742
385506082264 24.313707923179216
759153825883 24.31263021872454
499994539549 24.293588518730648
270958159750 24.265507768919115
884026976467 24.208947509069322
646341949053 24.10803690329899
575079971381 24.105088208263737
458690801513 24.100696931909415
706684649342 24.0926376374756
206687293364 24.0846179212274
820040916478 24.01838445075677
719817865834 24.00408690765321
898202180372 23.99809342343151
514867846307 23.995872886896862
759947397309 23.994037785129652
668748848821 23.969967583537755
203832252164 23.968556578491174
565127905462 23.8941296301709
767522909939 23.880280366695207
739280120790 23.840471615875547
884027271389 23.81328997879151
704742364540 23.80008792308552
971142632177 23.773375603634573
253722380675 23.754318479975
286393561731 23.74711475801472
181886750873 23.70471629934301
377575754325 23.660836911035933
157190079822 23.659219160208412
461423326138 23.633903433704862
491304367176 23.52025442199046
399974385765 23.518515959001117
556624327972 23.503442784519656
528063615452 23.495654222954855
530557142963 23.410731127129992
293861121053 23.37075814676448
473898831209 23.34947545467825
752637436209 23.345812691179525
662857941544 23.15301124569269
235299553489 23.091486671040663
578930320343 22.971399705962625
349036020392 22.967794650171736
320170892080 22.950634013193305
857524730757 22.88430002999331
231411469041 22.850017297139424
155541015765 22.73621260641301
437455559658 22.70069290086585
742911301551 22.675134840273834
426534992639 22.510816194187377
727292453199 22.498118101513032
592137278171 22.494420735415076
173255742187 22.416831492738766
329381059501 22.40121774629056
281784453652 22.373316096330974
813669135796 22.356196498255485
917261648089 22.296814064536097
378858565492 22.23314537837251
594863436801 22.23034599221163
147809560916 22.182195425470507
675145972461 22.181501997133203
255958871538 22.166927733458852
310503737973 22.14150966092321
640334257133 22.041500140246196
586086391303 21.96473589056669
104314135478 21.949640207580057
851475329877 21.857781180401048
717274660614 21.85292634081959
512988350176 21.829857614223513
377182125012 21.738631192611656
728765868577 21.621096769238623
592111512035 21.590852326985765
399982988999 21.583686697619232
531239180990 21.553871340148632
833307943673 21.527452609680143
374205924124 21.52237572025262
908259259585 21.50538809135616
278441353706 21.457454633548977
353532304196 21.453182829619056
871370234853 21.379549645155315
251868304187 21.37237410357773
927882993458 21.351754442708646
200307332974 21.326659220319954
221177121752 21.322027920131493
546157524611 21.31942543699916
885368245924 21.285461308194087
141973508513 21.264933669300934
689093113587 21.262586790438355
307815169663 21.220108290153306
843107174919 21.138263450864336
895504200574 21.129142112675915
252727478913 21.067799198731585
739987924468 21.06574330538058
342732315676 21.058254484498164
577588869260 20.844215742361392
212759388877 20.79856162693561
552879288263 20.7737397693597
397529047757 20.765694604921947
562805313117 20.746116645687152
902203258359 20.728662613895278
210187298182 20.676105240252095
429190685407 20.671502674273313
828401264856 20.52943229780624
179466507504 20.437408506595588
431723296651 20.436294528565103
849711499842 20.17645799387413
243767169697 20.123737485577053
151098720168 20.118398411744565
644864846122 20.052961432958316
653201903028 19.96693982854858
241751152409 19.886952389772116
644430666578 19.865353604178182
893985421982 19.831952934755037
757827328995 19.628640071628567
839464354254 19.62417618142842
862579260240 19.572064207720285
827375399241 19.46725459546972
334769436000 19.404953341409126
741892668530 19.389969503062044
491745203869 19.385416945928213
826288970604 19.340196000152687
772980227767 19.339399774906173
953019218825 19.315708752115967
503788245980 19.28473231156447
880459755037 19.222107844466763
752684295926 19.22140439789999
626244493947 19.115148587785846
279111977350 19.10598731439128
459105145554 19.08593686318372
549552175764 19.08197176570536
448309546165 19.03500998599661
540302351439 19.03323072300345
720535166826 19.005082750094825
756840414933 18.892065449621743
832022637375 18.87503190497597
776211091809 18.86583342884185
733610404754 18.78174950845535
723522314135 18.764481090789985
721869942319 18.721572375081653
274716352843 18.63409676277028
650795001695 18.56562230912051
343691956469 18.521127039226926
861587724276 18.48979805027795
220839589404 18.488462245549897
312513383947 18.39781244900751
702968661677 18.390753956565753
558842471665 18.384677045495735
694685460466 18.366791913241975
792914788525 18.186265897527477
862402221594 18.157777175024982
800925287574 18.147001742839564
636652728693 18.111433600600634
771767076968 18.103483256126097
910531796616 18.076406378652266
799612322971 17.91411971625434
650887107833 17.892532952379135
787928142309 17.878615769849283
222535725277 17.872219751110197
348880294819 17.84880417956003
134113915879 17.78023706686549
652243488005 17.750207368023574
428515677859 17.72550476798895
116203942247 17.71025742210608
676876066776 17.62863391692249
976054124121 17.591493307577366
129681414918 17.552326744216362
864322676519 17.52381406377046
272851037462 17.45718345518188
114799305358 17.405353195170115
886580152041 17.302801607967044
836552451052 17.300299970443355
921033205574 17.26412478637318
112822443480 17.25924237077092
317017053178 17.25415413934661
891370819995 17.187751509704306
316929225614 17.156903988214346
649588710945 17.074953015282503
161404652137 16.99539225803004
694208743267 16.946462455122212
664765694071 16.889631896189417
709348975440 16.775321334907666
724899914361 16.775275096772347
675743233136 16.74108656518769
303138631286 16.73896301190192
679440453525 16.60052437327375
893130143587 16.569314952293634
375575489001 16.567226708395168
151623444753 16.506150601414692
431687253797 16.456985378742516
911631803841 16.439975603830035
794510371796 16.330262976032017
681789769727 16.325381373302083
323424103348 16.24874656483888
923688242769 16.055468128467254
690960424155 16.044416903619574
866485286903 15.999924558062094
689592896254 15.999122759812966
413765742333 15.986107532887427
635335622701 15.972995088110453
389576120696 15.949988175480767
893038270754 15.926638087042644
382615621050 15.871720613269357
631047954750 15.85723189485666
433243807288 15.689098658889232
750466460124 15.62117034259436
418243569004 15.495191416257882
510290157757 15.428272313207314
367222147800 15.417954128240986
598579410352 15.41789618770073
232249423884 15.317408313755166
641223101844 15.245856855681472
210546540304 15.22380049337102
396772933094 15.192205081066001
406821242432 15.186719877331779
100033906898 15.150926161352828
243543602530 15.112544779488424
711022262771 15.068374689701901
285836867375 15.051053075155751
111207917608 15.001349648536833
307571882207 14.993684002866491
532876245270 14.979433038323053
547484781681 14.925814337478972
149986736217 14.922915306931017
513862038646 14.884577295435463
485295444562 14.774380111978068
654296396836 14.719768770853904
104527065978 14.678203726741778
284906886866 14.676741813300588
275681737633 14.650653910418754
890164974489 14.559005516534107
551771824045 14.54371035836688
441880090196 14.521891865666214
828952023242 14.514162522167195
138139334712 14.444824448684447
171485864013 14.368749578183238
430971440167 14.304210105509751
507503168380 14.258776672774642
789520910511 14.160203278000827
996400059695 13.904664157999736
242115458208 13.901558738171005
476346122410 13.895310621587553
894756217514 13.853554821902868
538063682493 13.852004380790707
778053419481 13.751338178363714
574448532933 13.682989818540548
295999542767 13.679624922710133
623373317031 13.626418385196736
727784743177 13.54257215629573
161315998753 13.53409377177539
845377016950 13.505821583206124
735673123724 13.408746361383006
521796766897 13.253092200869453
280754552914 13.247515559899004
782834669278 13.199565049532902
369553040843 13.081305222389261
657249688096 12.99308611351002
607947045290 12.921608045429856
749023542918 12.702469175050023
526609655973 12.679754816262601
631602997586 12.64927428951279
574208851741 12.551482570896555
774959666489 12.517871201405683
139905318646 12.497827312749955
695412627226 12.457530150544404
888607762706 12.416822058807675
749315571202 12.406564441270639
611726156047 12.339283360244258
135848999404 12.272006609921672
190549884349 12.24109325505529
192147026044 12.235632716903089
650985442997 12.152216581597596
800400372131 12.089084005475371
894559968202 12.057901355081224
640895048720 11.920464563753285
645808890429 11.83240015173248
774947070453 11.755660199992523
163971319816 11.62585533768057
196591615076 11.606983179894502
331600366926 11.542179727138446
263999306486 11.463754633669666
905104362592 11.455929154629896
648654513325 11.350352747867
747047181771 11.277836337280966
641945877928 11.276155950027622
705350019951 11.21653681600321
215676192997 11.210567219374079
572570584745 11.160488286380499
701624390572 11.112429367179043
259864229112 11.024757921721417
507371929544 11.000361195202867
135819395269 10.973399373471416
908849439644 10.747341828969414
631124281659 10.70507772129503
902826311961 10.5881610521259
491972671656 10.576203918665206
178887107089 10.550806253443735
456112495575 10.469290162350875
866328259122 10.342209715774487
707141043361 10.310352576156534
152603698978 10.28826706852981
141655427227 10.245658608715068
701487528953 10.22169962359365
365719828735 10.208587689540472
438588800276 10.183915777976505
465391502446 10.14335384675591
305178553135 10.028663468916399
903210214232 10.005563821038566
408161935901 9.979288034708933
850919505105 9.878929883482602
191566906584 9.759823831811731
697976005156 9.687614274326295
134999844868 9.577946577936537
889631708346 9.53986384397798
303962340411 9.520806052655706
198492177633 9.50775350741917
698474177546 9.46942416584362
571921057964 9.438245662135248
247605113672 9.334572066616031
101284307489 9.296856842934798
270279826017 9.206812292676837
314681450403 9.083618213073464
910164633238 9.030812059485193
331667439555 8.998057250676927
689688903874 8.984424349088528
518994088305 8.87505306502856
388394086040 8.843240957571608
268328795932 8.82859583768636
533611812789 8.780433108575568
515963598097 8.770748090754289
302313846117 8.710821274109936
448802670837 8.65426631480748
592233950359 8.573383979949668
700807208199 8.538018661023328
674171853812 8.508185923864264
309787183261 8.508175288216568
705302578067 8.470709489841855
266201574866 8.385100377650833
185005104413 8.320890474890597
410210783852 8.310424148377793
673278990597 8.23453870379154
566680194134 8.225689541055846
288611466303 8.17385369976098
903721542896 8.11062843544319
872857382600 8.109446730208635
676388047922 8.05569211749113
389618727046 8.045979913559155
557771462053 8.003676558064221
338387961323 7.99340696973827
472106826586 7.861350998546901
642052958525 7.831789623016894
281612587565 7.764991824476097
302333920677 7.759595521214746
394578915614 7.722619030420597
902747797136 7.646767612403793
119426881071 7.619183337681301
306112317182 7.593551193500803
501075361494 7.555874067956214
894070026672 7.51891156290152
877905101479 7.501632542973424
160661797594 7.462453045561146
485241565934 7.420786278056757
739567678181 7.413599013227357
207045924648 7.397012892167654
562437199532 7.375159757172844
499933605780 7.351997838404012
775775715743 7.338196510650596
918701132886 7.335501463334171
446209987031 7.274547014128108
850981463852 7.224675656922974
533800576511 7.221266670634829
921049370370 7.187399522836424
750560228201 7.181812597189197
197581482017 7.175851060355343
433531091012 7.16841711719296
690438697419 6.975081060517585
585562730652 6.822750950648659
104441734711 6.821197976306315
918109398589 6.645434460490041
443744196608 6.594958024286002
664450438205 6.588313134771817
807320729637 6.555265846552638
180961349410 6.5196891684232705
343688936225 6.513243771634647
229475141199 6.500843965546732
425837245879 6.493318914956747
515367824975 6.443491150731506
224945623746 6.3912202199281065
422808285725 6.362312378066948
189029979557 6.359279483766689
488091096753 6.183041628710972
665467623184 6.123239959317295
110908279589 5.984912595755176
892659083733 5.956194355344668
338702546363 5.82492691518921
537716764765 5.774727343024311
168001525113 5.753136080970056
730139263521 5.737514879960548
832576081131 5.68358175916972
439122811562 5.668622549271807
245879996544 5.614545587055875
920457989467 5.604400336755799
882419287163 5.560644514223445
536700320446 5.519957913926676
893720164440 5.451558329169104
969530055486 5.429686132053746
756617242499 5.364228186490738
161395954894 5.340192414796996
618867894015 5.283584765859328
979268564471 5.252194341297867
902175726208 5.228641002171575
548365739976 5.154044695535931
953212691154 5.137276857275164
735244702320 5.090204242664265
792790891941 5.070916449065654
591825097334 5.035928159320857
674417911419 5.0257628987123715
690331233187 4.94284112931076
708353988734 4.921345676704769
435180900674 4.8822692988502725
139626730065 4.861433541564875
948971651321 4.763802962823194
564868698328 4.728180330630494
404661097710 4.654178602686021
820121787751 4.5644320169966335
668441642773 4.3800815173981045
858330546510 4.376577581904018
717814102388 4.366354663813188
220410142493 4.323227107491223
134936233534 4.18411094349147
905607425226 4.109059302277229
296671760808 4.061657476292835
476449604598 4.038578809620885
172679332102 3.843140977309867
780169095623 3.513578863809319
659553844614 3.5108977397650953
272847464447 3.4883131538731016
784969789440 3.4573095999488324
268236956931 3.3698201850762555
904708401888 3.3634415993726297
557806289689 3.3421401874973444
428447632281 3.326679679871436
664842433454 3.2535557400708015
820781593174 3.2454132341727115
310068336197 3.2367650176434726
777517694850 3.1574860552028294
741507721549 3.1306340315091497
529960521911 3.128562986364769
659828961368 3.0888665579380525
253606605716 3.087012392246291
618798244895 3.039819468783622
866219877631 2.888939197373208
256100973734 2.815330805216343
843158355596 2.753181729253207
888288125319 2.7061170011933866
130063118550 2.6971520842140606
837684099651 2.6903734567645943
154696080680 2.681353968028932
424761774155 2.6454478652229163
438118240646 2.632888800748967
213868311552 2.5462492214682886
838322269483 2.5070739790468144
685115226791 2.4097619757255107
819188765196 2.1146325365597463
486719806033 2.094577182520707
601591311531 2.085673355085471
663783955427 2.0328331748215023
685799971356 2.0284568825820193
384176007281 1.9844316523510708
911247086712 1.9621003520042812
176035805053 1.9531914496080383
744717397991 1.9499508482749839
811034159743 1.8511458903546218
718024015469 1.8118989952493614
632281063107 1.6980063377289856
600021542736 1.6585009622591684
577539727551 1.6449800715915286
246433882683 1.605176933809127
376840986819 1.5918869448688922
483070465795 1.5704616174326835
782361872709 1.4906514191459497
254076543420 1.482005316110091
269447636204 1.4440904752307526
412735274390 1.4072113502072714
248179606679 1.373074858047274
356581196733 1.3555360199928312
762964038557 1.3350861502567923
630366711454 1.2993255038564744
612409914213 1.295061118152696
321450299172 1.1880035009352863
159706022920 1.1350010383583964
130391129021 1.1325453693613596
355694060601 0.9857567990568805
456114896205 0.9589406681794754
852312719335 0.9360836658203198
591080075933 0.9126283997101803
799295250477 0.9053885872821743
269999610253 0.900679169052454
351341841472 0.863403563041043
440913734066 0.8609825700912621
340469574713 0.8042414956966892
882166524450 0.7902613317910534
751643417898 0.7863219972572555
130462951080 0.77024566015782
335817357932 0.7316737592694134
122195446385 0.722777742563796
747119491751 0.6706920579443443
235378878033 0.658622140272791
168276883808 0.6405809693865727
582105997710 0.6132279772554927
424635689198 0.5352777212364046
385305003978 0.48549348654625124
122151550708 0.4843092768377355
838662450603 0.3373653392946263
735622381909 0.30431037275202577
657207519336 0.2661111507117342
379644492717 0.22187012823549068
370707603148 0.08678149212237862
517493357680 0.08151636014130936
111111111111 -0.5
111111111111 -0.5
111111111111 -0.5
111111111111 -0.5
111111111111 -0.5
111111111111 -0.5
111111111111 -0.5
111111111111 -0.5
111111111111 -0.5
111111111111 -0.5
111111111111 -0.5
111111111111 -0.5
111111111111 -0.5
111111111111 -0.5
111111111111 -0.5
111111111111 -0.5
111111111111 -0.5
111111111111 -0.5
111111111111 -0.5
111111111111 -0.5
111111111111 -0.5
111111111111 -0.5
111111111111 -0.5
111111111111 -0.5
111111111111 -0.5
111111111111 -0.5
111111111111 -0.5
111111111111 -0.5
111111111111 -0.5
111111111111 -0.5
111111111111 -0.5
111111111111 -0.5
111111111111 -0.5
111111111111 -0.5
111111111111 -0.5
111111111111 -0.5
111111111111 -0.5
111111111111 -0.5
111111111111 -0.5
111111111111 -0.5
111111111111 -0.5
111111111111 -0.5
111111111111 -0.5
111111111111 -0.5
111111111111 -0.5
111111111111 -0.5
111111111111 -0.5
111111111111 -0.5
111111111111 -0.5
111111111111 -0.5
111111111111 -0.5
111111111111 -0.5
111111111111 -0.5
111111111111 -0.5
111111111111 -0.5
111111111111 -0.5
111111111111 -0.5
111111111111 -0.5
111111111111 -0.5
111111111111 -0.5
111111111111 -0.5
111111111111 -0.5
111111111111 -0.5
111111111111 -0.5
111111111111 -0.5
111111111111 -0.5
111111111111 -0.5
111111111111 -0.5
111111111111 -0.5
111111111111 -0.5
111111111111 -0.5
111111111111 -0.5
111111111111 -0.5
111111111111 -0.5
111111111111 -0.5
111111111111 -0.5
111111111111 -0.5
111111111111 -0.5
111111111111 -0.5
111111111111 -0.5
111111111111 -0.5
111111111111 -0.5
111111111111 -0.5
111111111111 -0.5
111111111111 -0.5
111111111111 -0.5
111111111111 -0.5
111111111111 -0.5
111111111111 -0.5
111111111111 -0.5
111111111111 -0.5
111111111111 -0.5
111111111111 -0.5
111111111111 -0.5
111111111111 -0.5
111111111111 -0.5
111111111111 -0.5
111111111111 -0.5
111111111111 -0.5
111111111111 -0.5
111111111111 -0.5
111111111111 -0.5
111111111111 -0.5
111111111111 -0.5
111111111111 -0.5
111111111111 -0.5
111111111111 -0.5
111111111111 -0.5
111111111111 -0.5
111111111111 -0.5
111111111111 -0.5
111111111111 -0.5
111111111111 -0.5
111111111111 -0.5
111111111111 -0.5
111111111111 -0.5
111111111111 -0.5
111111111111 -0.5
111111111111 -0.5
111111111111 -0.5
111111111111 -0.5
111111111111 -0.5
111111111111 -0.5
111111111111 -0.5
111111111111 -0.5
111111111111 -0.5
111111111111 -0.5
111111111111 -0.5
111111111111 -0.5
111111111111 -0.5
111111111111 -0.5
111111111111 -0.5
111111111111 -0.5
111111111111 -0.5
111111111111 -0.5
111111111111 -0.5
111111111111 -0.5
111111111111 -0.5
111111111111 -0.5
111111111111 -0.5
111111111111 -0.5
111111111111 -0.5
111111111111 -0.5
111111111111 -0.5
111111111111 -0.5
111111111111 -0.5
111111111111 -0.5
111111111111 -0.5
111111111111 -0.5
111111111111 -0.5
111111111111 -0.5
111111111111 -0.5
111111111111 -0.5
111111111111 -0.5
111111111111 -0.5
111111111111 -0.5
111111111111 -0.5
111111111111 -0.5
111111111111 -0.5
111111111111 -0.5
111111111111 -0.5
111111111111 -0.5
111111111111 -0.5
111111111111 -0.5
111111111111 -0.5
111111111111 -0.5
111111111111 -0.5
111111111111 -0.5
111111111111 -0.5
111111111111 -0.5
111111111111 -0.5
111111111111 -0.5
111111111111 -0.5
111111111111 -0.5
111111111111 -0.5
111111111111 -0.5
111111111111 -0.5
111111111111 -0.5
111111111111 -0.5
111111111111 -0.5
111111111111 -0.5
111111111111 -0.5
111111111111 -0.5
111111111111 -0.5
111111111111 -0.5
111111111111 -0.5
111111111111 -0.5
111111111111 -0.5
111111111111 -0.5
111111111111 -0.5
111111111111 -0.5
111111111111 -0.5
111111111111 -0.5
111111111111 -0.5
111111111111 -0.5
111111111111 -0.5
111111111111 -0.5
111111111111 -0.5
111111111111 -0.5
111111111111 -0.5
111111111111 -0.5
111111111111 -0.5
111111111111 -0.5
111111111111 -0.5
111111111111 -0.5
111111111111 -0.5
111111111111 -0.5
111111111111 -0.5
111111111111 -0.5
111111111111 -0.5
111111111111 -0.5
111111111111 -0.5
111111111111 -0.5
111111111111 -0.5
111111111111 -0.5
111111111111 -0.5
111111111111 -0.5
111111111111 -0.5
111111111111 -0.5
111111111111 -0.5
111111111111 -0.5
111111111111 -0.5
111111111111 -0.5
111111111111 -0.5
111111111111 -0.5
111111111111 -0.5
111111111111 -0.5
111111111111 -0.5
111111111111 -0.5
111111111111 -0.5
111111111111 -0.5
111111111111 -0.5
111111111111 -0.5
111111111111 -0.5
111111111111 -0.5
111111111111 -0.5
111111111111 -0.5
111111111111 -0.5
111111111111 -0.5
111111111111 -0.5
111111111111 -0.5
111111111111 -0.5
111111111111 -0.5
111111111111 -0.5
111111111111 -0.5
111111111111 -0.5
111111111111 -0.5
111111111111 -0.5
111111111111 -0.5
111111111111 -0.5
111111111111 -0.5
111111111111 -0.5
111111111111 -0.5
111111111111 -0.5
111111111111 -0.5
111111111111 -0.5
111111111111 -0.5
111111111111 -0.5
111111111111 -0.5
111111111111 -0.5
111111111111 -0.5
111111111111 -0.5
111111111111 -0.5
111111111111 -0.5
111111111111 -0.5
111111111111 -0.5
111111111111 -0.5
111111111111 -0.5
111111111111 -0.5
111111111111 -0.5
111111111111 -0.5
111111111111 -0.5
111111111111 -0.5
111111111111 -0.5
111111111111 -0.5
111111111111 -0.5
111111111111 -0.5
111111111111 -0.5
111111111111 -0.5
111111111111 -0.5
111111111111 -0.5
111111111111 -0.5
111111111111 -0.5
111111111111 -0.5
111111111111 -0.5
111111111111 -0.5
111111111111 -0.5
111111111111 -0.5
111111111111 -0.5
111111111111 -0.5
111111111111 -0.5
111111111111 -0.5
111111111111 -0.5
111111111111 -0.5
111111111111 -0.5
111111111111 -0.5
111111111111 -0.5
111111111111 -0.5
111111111111 -0.5
111111111111 -0.5
111111111111 -0.5
111111111111 -0.5
111111111111 -0.5
111111111111 -0.5
111111111111 -0.5
111111111111 -0.5
111111111111 -0.5
111111111111 -0.5
111111111111 -0.5
111111111111 -0.5